1 1 0 0 1
1 2 0 0 2
1 3 0 0 3
1 4 0 0 4
1 5 0 0 5
1 6 0 0 6
1 7 0 0 7
1 8 0 0 8
1 9 0 0 9
1 10 0 0 10
1 11 0 0 11
1 12 0 0 12
1 13 0 0 13
1 14 0 0 14
1 15 0 0 15
1 16 0 0 16
1 17 0 0 17
1 18 0 0 18
1 19 0 0 19
1 20 0 0 20
2 1 0 0 2
2 2 0 0 2
2 3 0 0 4
2 4 0 0 4
2 5 0 0 6
2 6 0 0 6
2 7 0 0 8
2 8 0 0 8
2 9 0 0 10
2 10 0 0 10
2 11 0 0 12
2 12 0 0 12
2 13 0 0 14
2 14 0 0 14
2 15 0 0 16
2 16 0 0 16
2 17 0 0 18
2 18 0 0 18
2 19 0 0 20
2 20 0 0 20
3 1 0 0 3
3 2 0 0 4
3 3 0 0 3
3 4 0 0 6
3 5 0 0 7
3 6 0 0 6
3 7 0 0 9
3 8 0 0 10
3 9 0 0 9
3 10 0 0 12
3 11 0 0 13
3 12 0 0 12
3 13 0 0 15
3 14 0 0 16
3 15 0 0 15
3 16 0 0 18
3 17 0 0 19
3 18 0 0 18
3 19 0 0 21
3 20 0 0 22
4 1 0 0 4
4 2 0 0 4
4 3 0 0 6
4 4 0 0 4
4 5 0 0 8
4 6 0 0 8
4 7 0 0 10
4 8 0 0 8
4 9 0 0 12
4 10 0 0 12
4 11 0 0 14
4 12 0 0 12
4 13 0 0 16
4 14 0 0 16
4 15 0 0 18
4 16 0 0 16
4 17 0 0 20
4 18 0 0 20
4 19 0 0 22
4 20 0 0 20
5 1 0 0 5
5 2 0 0 6
5 3 0 0 7
5 4 0 0 8
5 5 0 0 5
5 6 0 0 10
5 7 0 0 11
5 8 0 0 12
5 9 0 0 13
5 10 0 0 10
5 11 0 0 15
5 12 0 0 16
5 13 0 0 17
5 14 0 0 18
5 15 0 0 15
5 16 0 0 20
5 17 0 0 21
5 18 0 0 22
5 19 0 0 23
5 20 0 0 20
6 1 0 0 6
6 2 0 0 6
6 3 0 0 6
6 4 0 0 8
6 5 0 0 10
6 6 0 0 6
6 7 0 0 12
6 8 0 0 12
6 9 0 0 12
6 10 0 0 14
6 11 0 0 16
6 12 0 0 12
6 13 0 0 18
6 14 0 0 18
6 15 0 0 18
6 16 0 0 20
6 17 0 0 22
6 18 0 0 18
6 19 0 0 24
6 20 0 0 24
7 1 0 0 7
7 2 0 0 8
7 3 0 0 9
7 4 0 0 10
7 5 0 0 11
7 6 0 0 12
7 7 0 0 7
7 8 0 0 14
7 9 0 0 15
7 10 0 0 16
7 11 0 0 17
7 12 0 0 18
7 13 0 0 19
7 14 0 0 14
7 15 0 0 21
7 16 0 0 22
7 17 0 0 23
7 18 0 0 24
7 19 0 0 25
7 20 0 0 26
8 1 0 0 8
8 2 0 0 8
8 3 0 0 10
8 4 0 0 8
8 5 0 0 12
8 6 0 0 12
8 7 0 0 14
8 8 0 0 8
8 9 0 0 16
8 10 0 0 16
8 11 0 0 18
8 12 0 0 16
8 13 0 0 20
8 14 0 0 20
8 15 0 0 22
8 16 0 0 16
8 17 0 0 24
8 18 0 0 24
8 19 0 0 26
8 20 0 0 24
9 1 0 0 9
9 2 0 0 10
9 3 0 0 9
9 4 0 0 12
9 5 0 0 13
9 6 0 0 12
9 7 0 0 15
9 8 0 0 16
9 9 0 0 9
9 10 0 0 18
9 11 0 0 19
9 12 0 0 18
9 13 0 0 21
9 14 0 0 22
9 15 0 0 21
9 16 0 0 24
9 17 0 0 25
9 18 0 0 18
9 19 0 0 27
9 20 0 0 28
10 1 0 0 10
10 2 0 0 10
10 3 0 0 12
10 4 0 0 12
10 5 0 0 10
10 6 0 0 14
10 7 0 0 16
10 8 0 0 16
10 9 0 0 18
10 10 0 0 10
10 11 0 0 20
10 12 0 0 20
10 13 0 0 22
10 14 0 0 22
10 15 0 0 20
10 16 0 0 24
10 17 0 0 26
10 18 0 0 26
10 19 0 0 28
10 20 0 0 20
11 1 0 0 11
11 2 0 0 12
11 3 0 0 13
11 4 0 0 14
11 5 0 0 15
11 6 0 0 16
11 7 0 0 17
11 8 0 0 18
11 9 0 0 19
11 10 0 0 20
11 11 0 0 11
11 12 0 0 22
11 13 0 0 23
11 14 0 0 24
11 15 0 0 25
11 16 0 0 26
11 17 0 0 27
11 18 0 0 28
11 19 0 0 29
11 20 0 0 30
12 1 0 0 12
12 2 0 0 12
12 3 0 0 12
12 4 0 0 12
12 5 0 0 16
12 6 0 0 12
12 7 0 0 18
12 8 0 0 16
12 9 0 0 18
12 10 0 0 20
12 11 0 0 22
12 12 0 0 12
12 13 0 0 24
12 14 0 0 24
12 15 0 0 24
12 16 0 0 24
12 17 0 0 28
12 18 0 0 24
12 19 0 0 30
12 20 0 0 28
13 1 0 0 13
13 2 0 0 14
13 3 0 0 15
13 4 0 0 16
13 5 0 0 17
13 6 0 0 18
13 7 0 0 19
13 8 0 0 20
13 9 0 0 21
13 10 0 0 22
13 11 0 0 23
13 12 0 0 24
13 13 0 0 13
13 14 0 0 26
13 15 0 0 27
13 16 0 0 28
13 17 0 0 29
13 18 0 0 30
13 19 0 0 31
13 20 0 0 32
14 1 0 0 14
14 2 0 0 14
14 3 0 0 16
14 4 0 0 16
14 5 0 0 18
14 6 0 0 18
14 7 0 0 14
14 8 0 0 20
14 9 0 0 22
14 10 0 0 22
14 11 0 0 24
14 12 0 0 24
14 13 0 0 26
14 14 0 0 14
14 15 0 0 28
14 16 0 0 28
14 17 0 0 30
14 18 0 0 30
14 19 0 0 32
14 20 0 0 32
15 1 0 0 15
15 2 0 0 16
15 3 0 0 15
15 4 0 0 18
15 5 0 0 15
15 6 0 0 18
15 7 0 0 21
15 8 0 0 22
15 9 0 0 21
15 10 0 0 20
15 11 0 0 25
15 12 0 0 24
15 13 0 0 27
15 14 0 0 28
15 15 0 0 15
15 16 0 0 30
15 17 0 0 31
15 18 0 0 30
15 19 0 0 33
15 20 0 0 30
16 1 0 0 16
16 2 0 0 16
16 3 0 0 18
16 4 0 0 16
16 5 0 0 20
16 6 0 0 20
16 7 0 0 22
16 8 0 0 16
16 9 0 0 24
16 10 0 0 24
16 11 0 0 26
16 12 0 0 24
16 13 0 0 28
16 14 0 0 28
16 15 0 0 30
16 16 0 0 16
16 17 0 0 32
16 18 0 0 32
16 19 0 0 34
16 20 0 0 32
17 1 0 0 17
17 2 0 0 18
17 3 0 0 19
17 4 0 0 20
17 5 0 0 21
17 6 0 0 22
17 7 0 0 23
17 8 0 0 24
17 9 0 0 25
17 10 0 0 26
17 11 0 0 27
17 12 0 0 28
17 13 0 0 29
17 14 0 0 30
17 15 0 0 31
17 16 0 0 32
17 17 0 0 17
17 18 0 0 34
17 19 0 0 35
17 20 0 0 36
18 1 0 0 18
18 2 0 0 18
18 3 0 0 18
18 4 0 0 20
18 5 0 0 22
18 6 0 0 18
18 7 0 0 24
18 8 0 0 24
18 9 0 0 18
18 10 0 0 26
18 11 0 0 28
18 12 0 0 24
18 13 0 0 30
18 14 0 0 30
18 15 0 0 30
18 16 0 0 32
18 17 0 0 34
18 18 0 0 18
18 19 0 0 36
18 20 0 0 36
19 1 0 0 19
19 2 0 0 20
19 3 0 0 21
19 4 0 0 22
19 5 0 0 23
19 6 0 0 24
19 7 0 0 25
19 8 0 0 26
19 9 0 0 27
19 10 0 0 28
19 11 0 0 29
19 12 0 0 30
19 13 0 0 31
19 14 0 0 32
19 15 0 0 33
19 16 0 0 34
19 17 0 0 35
19 18 0 0 36
19 19 0 0 19
19 20 0 0 38
20 1 0 0 20
20 2 0 0 20
20 3 0 0 22
20 4 0 0 20
20 5 0 0 20
20 6 0 0 24
20 7 0 0 26
20 8 0 0 24
20 9 0 0 28
20 10 0 0 20
20 11 0 0 30
20 12 0 0 28
20 13 0 0 32
20 14 0 0 32
20 15 0 0 30
20 16 0 0 32
20 17 0 0 36
20 18 0 0 36
20 19 0 0 38
20 20 0 0 20
21 27 16 5 64
18 12 29 12 60
14 5 14 1 28
17 19 21 5 59
7 3 20 16 40
30 17 17 12 54
8 25 14 22 64
19 28 30 4 74
18 2 22 29 66
11 11 11 24 34
3 29 20 30 69
24 10 7 3 39
3 5 17 19 41
4 21 20 18 56
22 6 14 20 56
8 5 12 1 20
21 15 17 28 70
17 4 23 26 66
7 7 7 12 18
7 6 21 20 46
19 23 6 10 54
25 11 30 14 72
17 30 9 5 56
2 26 27 17 68
2 16 5 13 32
5 17 3 21 41
3 11 3 27 39
15 3 20 11 40
1 2 27 16 42
3 23 1 30 54
3 27 2 12 36
18 30 25 6 66
17 5 10 9 34
23 23 2 15 38
19 12 16 2 42
29 15 20 22 78
13 17 13 1 39
22 10 3 4 34
18 27 9 27 36
12 4 8 24 24
22 17 27 24 84
28 30 9 6 62
20 2 23 17 58
1 3 2 8 10
14 10 2 9 30
22 15 7 2 42
27 27 2 30 54
14 11 1 12 34
15 9 27 8 46
14 6 12 16 36
27 9 27 23 49
23 24 2 10 54
30 11 1 5 40
30 1 20 19 58
18 29 15 24 78
23 21 23 24 69
8 20 26 5 49
16 16 25 25 40
23 9 7 20 56
9 7 7 18 27
27 3 16 7 48
29 3 30 13 70
29 2 30 24 76
13 28 2 22 60
24 29 16 7 70
28 30 13 25 91
22 18 29 5 70
15 27 4 2 42
29 18 10 21 73
21 29 8 25 80
1 7 4 26 34
27 28 17 30 96
1 26 11 22 46
23 5 4 21 50
14 3 1 16 30
9 8 11 29 54
2 1 4 8 8
5 19 17 5 40
2 15 28 1 42
2 11 19 14 42
10 8 16 29 52
22 22 15 1 36
6 4 20 30 42
24 8 15 20 48
26 6 17 13 52
6 19 30 25 68
8 12 3 9 22
14 25 19 1 56
15 2 17 3 33
5 25 8 27 58
5 24 25 1 50
10 28 10 26 64
29 22 8 13 68
19 2 26 4 46
4 21 5 3 30
21 18 26 16 74
8 12 3 13 28
14 18 19 25 72
29 18 21 8 70
1 4 20 26 44
29 4 27 3 58
20 16 5 20 40
8 19 16 5 44
29 19 3 6 52
8 14 20 29 64
16 6 3 23 42
15 6 28 15 45
15 15 16 19 48
8 25 21 15 62
16 29 27 10 78
16 8 17 27 58
7 14 13 11 36
8 9 24 21 50
13 15 2 17 44
23 27 27 19 67
29 22 28 11 83
20 16 27 18 66
8 18 17 10 48
11 17 21 3 47
17 30 30 5 46
20 10 21 7 40
22 18 15 24 68
2 26 5 19 48
23 25 26 27 98
27 11 19 6 60
23 15 26 19 80
4 16 22 24 56
1 28 16 4 40
19 23 12 25 76
23 2 20 25 62
18 23 17 27 81
6 12 27 25 60
15 24 4 30 60
20 8 16 20 40
17 28 3 12 52
14 1 27 26 64
11 17 27 7 59
1 17 14 17 34
25 26 25 16 65
29 21 18 30 88
20 5 5 9 28
8 24 9 10 38
13 3 19 22 54
7 1 9 26 40
2 16 12 3 24
1 22 2 15 36
14 13 30 15 54
21 24 15 5 54
30 17 25 22 90
18 30 2 18 54
22 23 24 7 72
5 24 19 13 58
17 3 10 21 46
24 6 8 4 24
21 14 28 13 54
22 29 18 27 84
30 26 13 17 70
25 9 15 7 51
22 11 28 6 52
5 16 8 20 35
13 15 17 8 50
30 20 24 19 78
19 5 27 16 64
29 18 20 3 64
1 19 6 1 24
27 24 24 7 54
14 23 28 19 74
25 26 12 3 60
22 16 11 18 60
20 11 5 14 42
7 15 28 4 42
28 10 13 1 48
2 17 1 10 26
13 5 5 13 26
20 1 16 2 32
12 2 15 17 40
27 25 16 24 81
17 11 23 11 49
6 14 28 11 42
20 19 6 10 50
9 22 17 19 64
4 29 13 22 64
28 21 23 13 76
28 25 12 14 70
8 29 25 4 60
23 3 22 6 49
30 16 12 15 60
9 28 13 6 51
15 2 14 15 30
22 16 14 12 56
18 14 6 24 48
25 12 5 17 56
27 19 14 1 58
1 22 11 20 40
25 16 20 18 71
7 6 24 20 46
21 8 22 15 60
8 8 28 27 58
15 22 14 1 48
8 28 1 21 46
22 23 3 18 60
5 8 28 7 36
26 20 28 5 69
29 14 29 14 70
12 26 21 4 56
30 2 3 26 54
28 10 1 30 56
13 27 28 2 66
27 28 28 3 54
28 17 9 4 52
20 8 18 2 40
15 9 2 5 25
14 4 20 26 56
3 26 10 19 54
23 5 5 4 30
20 26 13 21 64
1 19 8 30 54
16 29 18 20 76
16 24 16 22 52
10 8 2 30 40
18 23 9 2 46
16 17 17 27 58
3 28 5 27 60
11 14 3 10 34
11 5 19 10 40
13 29 3 10 52
18 2 23 1 40
18 10 12 26 60
8 13 18 5 40
18 28 27 28 72
23 17 11 19 67
12 3 9 8 24
23 14 15 9 56
30 4 6 11 46
27 22 10 29 84
9 13 1 2 22
19 29 27 15 85
26 18 9 20 60
17 3 20 3 40
19 20 29 23 88
17 19 25 11 69
20 4 14 29 60
27 20 21 27 81
15 16 9 11 46
28 10 8 1 40
29 12 21 27 82
10 15 27 17 60
2 12 18 22 44
17 15 23 4 56
15 2 12 29 52
28 11 11 7 42
24 8 5 11 38
5 4 18 23 46
29 18 21 26 88
23 9 23 16 61
10 20 15 14 42
9 8 27 7 42
29 9 23 22 80
16 1 12 15 36
18 16 28 17 72
9 12 27 29 64
15 2 5 5 20
29 8 24 4 52
27 18 16 7 56
12 26 19 18 66
4 11 28 1 40
2 21 18 20 54
20 2 13 25 55
22 28 13 13 60
4 20 27 13 58
27 11 21 25 81
20 10 3 29 50
12 20 28 17 68
28 23 23 17 66
13 17 15 13 52
23 27 11 9 67
27 24 25 17 88
26 23 14 9 68
25 27 27 5 55
27 1 1 6 30
22 27 6 15 62
10 15 25 11 50
12 27 10 3 45
23 7 19 28 71
11 5 26 14 52
23 30 22 24 94
15 10 25 12 48
5 17 3 9 29
19 18 20 7 60
8 26 20 6 52
14 14 19 7 35
15 8 17 25 60
23 13 5 30 64
28 27 7 17 72
10 22 6 23 56
12 8 4 20 32
4 19 16 10 44
26 1 4 12 36
19 21 8 11 56
14 1 22 23 56
20 1 2 15 30
23 24 8 7 52
13 5 8 21 44
19 15 10 14 50
30 8 8 9 42
23 6 10 3 37
11 18 28 5 58
8 18 17 2 40
14 26 24 29 88
29 13 5 28 72
12 21 3 20 48
17 5 9 18 38
13 11 18 13 52
10 1 11 13 32
23 5 28 23 69
7 19 17 3 43
6 17 17 5 26
23 7 8 14 43
11 1 30 3 40
11 27 9 17 53
20 9 9 22 48
21 24 21 24 63
1 9 9 1 9
25 28 18 25 75
10 30 22 13 62
2 9 16 16 24
16 30 28 19 86
15 11 6 1 30
1 8 29 7 42
14 5 10 17 38
14 17 1 29 58
1 8 8 16 16
16 5 15 26 54
11 25 9 14 56
8 28 25 19 74
4 1 12 12 12
9 15 9 25 51
21 16 22 6 60
10 20 28 18 60
9 18 17 30 60
16 15 26 17 70
30 30 17 28 72
21 14 26 27 78
16 23 30 21 84
7 22 22 21 42
7 8 19 13 44
16 17 20 15 58
3 17 14 3 33
22 15 20 4 50
2 30 1 20 40
16 2 18 15 44
7 13 20 25 58
15 30 10 30 30
14 16 26 24 68
22 23 11 21 64
19 28 23 17 84
4 4 22 29 52
2 1 18 9 18
19 16 27 27 60
16 13 8 4 32
29 1 7 4 38
18 11 8 6 36
9 25 15 27 63
11 2 9 30 46
8 2 30 15 36
4 3 15 10 22
29 7 9 24 64
21 2 27 12 54
14 11 4 20 42
26 26 12 13 39
27 22 3 24 69
29 26 11 4 66
9 5 1 19 31
2 13 30 1 42
4 4 7 17 26
11 6 3 16 30
25 8 1 30 60
18 26 11 23 74
8 28 19 1 50
5 11 29 10 50
27 3 15 20 54
6 22 21 1 45
26 3 15 11 50
2 22 26 6 50
24 17 17 17 40
20 28 7 27 70
19 14 18 2 48
4 15 9 10 32
24 10 24 13 60
2 16 25 17 56
4 23 17 5 46
29 10 21 19 76
14 17 27 19 74
24 6 27 26 72
27 27 23 19 67
4 8 10 21 36
30 30 15 30 30
17 21 10 21 58
19 20 30 21 76
14 2 21 23 50
