1
2
3
4
5
6
7
8
9
10
11
12
13
14
15
16
17
18
19
20
2
2
4
4
6
6
8
8
10
10
12
12
14
14
16
16
18
18
20
20
3
4
3
6
7
6
9
10
9
12
13
12
15
16
15
18
19
18
21
22
4
4
6
4
8
8
10
8
12
12
14
12
16
16
18
16
20
20
22
20
5
6
7
8
5
10
11
12
13
10
15
16
17
18
15
20
21
22
23
20
6
6
6
8
10
6
12
12
12
14
16
12
18
18
18
20
22
18
24
24
7
8
9
10
11
12
7
14
15
16
17
18
19
14
21
22
23
24
25
26
8
8
10
8
12
12
14
8
16
16
18
16
20
20
22
16
24
24
26
24
9
10
9
12
13
12
15
16
9
18
19
18
21
22
21
24
25
18
27
28
10
10
12
12
10
14
16
16
18
10
20
20
22
22
20
24
26
26
28
20
11
12
13
14
15
16
17
18
19
20
11
22
23
24
25
26
27
28
29
30
12
12
12
12
16
12
18
16
18
20
22
12
24
24
24
24
28
24
30
28
13
14
15
16
17
18
19
20
21
22
23
24
13
26
27
28
29
30
31
32
14
14
16
16
18
18
14
20
22
22
24
24
26
14
28
28
30
30
32
32
15
16
15
18
15
18
21
22
21
20
25
24
27
28
15
30
31
30
33
30
16
16
18
16
20
20
22
16
24
24
26
24
28
28
30
16
32
32
34
32
17
18
19
20
21
22
23
24
25
26
27
28
29
30
31
32
17
34
35
36
18
18
18
20
22
18
24
24
18
26
28
24
30
30
30
32
34
18
36
36
19
20
21
22
23
24
25
26
27
28
29
30
31
32
33
34
35
36
19
38
20
20
22
20
20
24
26
24
28
20
30
28
32
32
30
32
36
36
38
20
